{
 "cells": [
  {
   "cell_type": "code",
   "execution_count": 1,
   "metadata": {
    "collapsed": true
   },
   "outputs": [],
   "source": [
    "import numpy as np\n",
    "import pandas as pd\n",
    "import matplotlib.pyplot as plt\n",
    "import seaborn as sns\n",
    "%matplotlib inline"
   ]
  },
  {
   "cell_type": "code",
   "execution_count": 9,
   "metadata": {},
   "outputs": [],
   "source": [
    "user_data = pd.read_csv('workshop_users.csv')"
   ]
  },
  {
   "cell_type": "code",
   "execution_count": 10,
   "metadata": {},
   "outputs": [
    {
     "name": "stdout",
     "output_type": "stream",
     "text": [
      "Index(['Unnamed: 0', 'title', 'user0', 'user1', 'user2', 'user3', 'user4',\n",
      "       'user5', 'user6', 'user7', 'user8', 'user9', 'user10', 'user11',\n",
      "       'user12', 'user13', 'user14', 'user15', 'user16', 'user17', 'user18',\n",
      "       'user19'],\n",
      "      dtype='object')\n"
     ]
    }
   ],
   "source": [
    "print(user_data.columns)"
   ]
  },
  {
   "cell_type": "code",
   "execution_count": 12,
   "metadata": {},
   "outputs": [
    {
     "name": "stdout",
     "output_type": "stream",
     "text": [
      "0              Mad Max: Fury Road\n",
      "1              Fast and Furious 7\n",
      "2                      Fight Club\n",
      "3                 The Dark Knight\n",
      "4                     Vanilla Sky\n",
      "5            Star Wars Episode IV\n",
      "6                           Rocky\n",
      "7                    Pretty Woman\n",
      "8                Django Unchained\n",
      "9                   Almost Famous\n",
      "10             Back to the Future\n",
      "11                       Clueless\n",
      "12               The Big Lebowski\n",
      "13       My Big Fat Greek Wedding\n",
      "14            Saving Private Ryan\n",
      "15                      Kill Bill\n",
      "16        Guardians of the Galaxy\n",
      "17                        Titanic\n",
      "18                       Deadpool\n",
      "19    Ten Things I Hate About You\n",
      "20          Bridget Jones's Diary\n",
      "21                       Twilight\n",
      "22                   Wonder Woman\n",
      "23                     La La Land\n",
      "Name: title, dtype: object\n"
     ]
    }
   ],
   "source": [
    "print(user_data['title'])"
   ]
  },
  {
   "cell_type": "code",
   "execution_count": 13,
   "metadata": {},
   "outputs": [
    {
     "data": {
      "text/html": [
       "<div>\n",
       "<style>\n",
       "    .dataframe thead tr:only-child th {\n",
       "        text-align: right;\n",
       "    }\n",
       "\n",
       "    .dataframe thead th {\n",
       "        text-align: left;\n",
       "    }\n",
       "\n",
       "    .dataframe tbody tr th {\n",
       "        vertical-align: top;\n",
       "    }\n",
       "</style>\n",
       "<table border=\"1\" class=\"dataframe\">\n",
       "  <thead>\n",
       "    <tr style=\"text-align: right;\">\n",
       "      <th></th>\n",
       "      <th>Unnamed: 0</th>\n",
       "      <th>title</th>\n",
       "      <th>user0</th>\n",
       "      <th>user1</th>\n",
       "      <th>user2</th>\n",
       "      <th>user3</th>\n",
       "      <th>user4</th>\n",
       "      <th>user5</th>\n",
       "      <th>user6</th>\n",
       "      <th>user7</th>\n",
       "      <th>...</th>\n",
       "      <th>user10</th>\n",
       "      <th>user11</th>\n",
       "      <th>user12</th>\n",
       "      <th>user13</th>\n",
       "      <th>user14</th>\n",
       "      <th>user15</th>\n",
       "      <th>user16</th>\n",
       "      <th>user17</th>\n",
       "      <th>user18</th>\n",
       "      <th>user19</th>\n",
       "    </tr>\n",
       "  </thead>\n",
       "  <tbody>\n",
       "    <tr>\n",
       "      <th>0</th>\n",
       "      <td>0</td>\n",
       "      <td>Mad Max: Fury Road</td>\n",
       "      <td>2</td>\n",
       "      <td>4</td>\n",
       "      <td>1</td>\n",
       "      <td>3</td>\n",
       "      <td>1</td>\n",
       "      <td>3</td>\n",
       "      <td>1</td>\n",
       "      <td>5</td>\n",
       "      <td>...</td>\n",
       "      <td>2</td>\n",
       "      <td>5</td>\n",
       "      <td>0</td>\n",
       "      <td>2</td>\n",
       "      <td>4</td>\n",
       "      <td>1</td>\n",
       "      <td>3</td>\n",
       "      <td>2</td>\n",
       "      <td>5</td>\n",
       "      <td>0</td>\n",
       "    </tr>\n",
       "    <tr>\n",
       "      <th>1</th>\n",
       "      <td>1</td>\n",
       "      <td>Fast and Furious 7</td>\n",
       "      <td>3</td>\n",
       "      <td>1</td>\n",
       "      <td>1</td>\n",
       "      <td>5</td>\n",
       "      <td>5</td>\n",
       "      <td>4</td>\n",
       "      <td>3</td>\n",
       "      <td>0</td>\n",
       "      <td>...</td>\n",
       "      <td>5</td>\n",
       "      <td>5</td>\n",
       "      <td>0</td>\n",
       "      <td>0</td>\n",
       "      <td>4</td>\n",
       "      <td>5</td>\n",
       "      <td>3</td>\n",
       "      <td>0</td>\n",
       "      <td>1</td>\n",
       "      <td>2</td>\n",
       "    </tr>\n",
       "    <tr>\n",
       "      <th>2</th>\n",
       "      <td>2</td>\n",
       "      <td>Fight Club</td>\n",
       "      <td>4</td>\n",
       "      <td>5</td>\n",
       "      <td>3</td>\n",
       "      <td>0</td>\n",
       "      <td>5</td>\n",
       "      <td>5</td>\n",
       "      <td>4</td>\n",
       "      <td>2</td>\n",
       "      <td>...</td>\n",
       "      <td>1</td>\n",
       "      <td>1</td>\n",
       "      <td>0</td>\n",
       "      <td>5</td>\n",
       "      <td>2</td>\n",
       "      <td>0</td>\n",
       "      <td>2</td>\n",
       "      <td>3</td>\n",
       "      <td>0</td>\n",
       "      <td>5</td>\n",
       "    </tr>\n",
       "    <tr>\n",
       "      <th>3</th>\n",
       "      <td>3</td>\n",
       "      <td>The Dark Knight</td>\n",
       "      <td>2</td>\n",
       "      <td>0</td>\n",
       "      <td>1</td>\n",
       "      <td>2</td>\n",
       "      <td>3</td>\n",
       "      <td>0</td>\n",
       "      <td>5</td>\n",
       "      <td>4</td>\n",
       "      <td>...</td>\n",
       "      <td>0</td>\n",
       "      <td>4</td>\n",
       "      <td>5</td>\n",
       "      <td>4</td>\n",
       "      <td>1</td>\n",
       "      <td>5</td>\n",
       "      <td>4</td>\n",
       "      <td>5</td>\n",
       "      <td>1</td>\n",
       "      <td>0</td>\n",
       "    </tr>\n",
       "    <tr>\n",
       "      <th>4</th>\n",
       "      <td>4</td>\n",
       "      <td>Vanilla Sky</td>\n",
       "      <td>4</td>\n",
       "      <td>5</td>\n",
       "      <td>3</td>\n",
       "      <td>2</td>\n",
       "      <td>2</td>\n",
       "      <td>1</td>\n",
       "      <td>5</td>\n",
       "      <td>2</td>\n",
       "      <td>...</td>\n",
       "      <td>0</td>\n",
       "      <td>5</td>\n",
       "      <td>2</td>\n",
       "      <td>3</td>\n",
       "      <td>5</td>\n",
       "      <td>5</td>\n",
       "      <td>1</td>\n",
       "      <td>4</td>\n",
       "      <td>4</td>\n",
       "      <td>4</td>\n",
       "    </tr>\n",
       "  </tbody>\n",
       "</table>\n",
       "<p>5 rows × 22 columns</p>\n",
       "</div>"
      ],
      "text/plain": [
       "   Unnamed: 0               title  user0  user1  user2  user3  user4  user5  \\\n",
       "0           0  Mad Max: Fury Road      2      4      1      3      1      3   \n",
       "1           1  Fast and Furious 7      3      1      1      5      5      4   \n",
       "2           2          Fight Club      4      5      3      0      5      5   \n",
       "3           3     The Dark Knight      2      0      1      2      3      0   \n",
       "4           4         Vanilla Sky      4      5      3      2      2      1   \n",
       "\n",
       "   user6  user7   ...    user10  user11  user12  user13  user14  user15  \\\n",
       "0      1      5   ...         2       5       0       2       4       1   \n",
       "1      3      0   ...         5       5       0       0       4       5   \n",
       "2      4      2   ...         1       1       0       5       2       0   \n",
       "3      5      4   ...         0       4       5       4       1       5   \n",
       "4      5      2   ...         0       5       2       3       5       5   \n",
       "\n",
       "   user16  user17  user18  user19  \n",
       "0       3       2       5       0  \n",
       "1       3       0       1       2  \n",
       "2       2       3       0       5  \n",
       "3       4       5       1       0  \n",
       "4       1       4       4       4  \n",
       "\n",
       "[5 rows x 22 columns]"
      ]
     },
     "execution_count": 13,
     "metadata": {},
     "output_type": "execute_result"
    }
   ],
   "source": [
    "user_data.head()"
   ]
  },
  {
   "cell_type": "code",
   "execution_count": 14,
   "metadata": {
    "collapsed": true
   },
   "outputs": [],
   "source": [
    "# liste aller Spalten, die im Namen 'user' enthalten:\n",
    "users = [i for i in user_data.columns if 'user' in i]\n",
    "n_users = len(users)\n",
    "\n",
    "# wir nehmen uns nur den Teil des Frames, der die Bewertungen der User enthält\n",
    "users_matrix = user_data[users]"
   ]
  },
  {
   "cell_type": "markdown",
   "metadata": {},
   "source": [
    "Wir wollen paarweise den Abstand zwischen Usern berechnen. Den Abstand speichern wir dann in ein Pandas Dataframe."
   ]
  },
  {
   "cell_type": "code",
   "execution_count": 15,
   "metadata": {
    "collapsed": true
   },
   "outputs": [],
   "source": [
    "# für die Streber: Schreibt eure eigene Funktion, die den Abstand zwischen zwei Usern berechnet\n",
    "def pairwise_distance(u1, u2):\n",
    "    # ...\n",
    "    return distance\n",
    "# jetzt benutzt diese funktion, um den paarweise abstand zwischen den Usern zu berechnen \n",
    "# und in einer Matrix (oder auch gleich in einem DataFrame) zu speichern"
   ]
  },
  {
   "cell_type": "code",
   "execution_count": 16,
   "metadata": {},
   "outputs": [],
   "source": [
    "# für die anderen: Wir können auch eine eingebaute Funktion benutzen\n",
    "from sklearn.metrics.pairwise import euclidean_distances\n",
    "# wir müssen die Matrix transponieren, weil die Funktion den Abstand zwischen den Zeilen berechnet, unsere User aber\n",
    "# als Spalten gespeichert sind\n",
    "distances = euclidean_distances(users_matrix.T)"
   ]
  },
  {
   "cell_type": "code",
   "execution_count": 20,
   "metadata": {},
   "outputs": [
    {
     "data": {
      "text/html": [
       "<div>\n",
       "<style>\n",
       "    .dataframe thead tr:only-child th {\n",
       "        text-align: right;\n",
       "    }\n",
       "\n",
       "    .dataframe thead th {\n",
       "        text-align: left;\n",
       "    }\n",
       "\n",
       "    .dataframe tbody tr th {\n",
       "        vertical-align: top;\n",
       "    }\n",
       "</style>\n",
       "<table border=\"1\" class=\"dataframe\">\n",
       "  <thead>\n",
       "    <tr style=\"text-align: right;\">\n",
       "      <th></th>\n",
       "      <th>user0</th>\n",
       "      <th>user1</th>\n",
       "      <th>user2</th>\n",
       "      <th>user3</th>\n",
       "      <th>user4</th>\n",
       "      <th>user5</th>\n",
       "      <th>user6</th>\n",
       "      <th>user7</th>\n",
       "      <th>user8</th>\n",
       "      <th>user9</th>\n",
       "      <th>user10</th>\n",
       "      <th>user11</th>\n",
       "      <th>user12</th>\n",
       "      <th>user13</th>\n",
       "      <th>user14</th>\n",
       "      <th>user15</th>\n",
       "      <th>user16</th>\n",
       "      <th>user17</th>\n",
       "      <th>user18</th>\n",
       "      <th>user19</th>\n",
       "    </tr>\n",
       "  </thead>\n",
       "  <tbody>\n",
       "    <tr>\n",
       "      <th>user0</th>\n",
       "      <td>0.000000</td>\n",
       "      <td>11.180340</td>\n",
       "      <td>12.409674</td>\n",
       "      <td>11.874342</td>\n",
       "      <td>11.000000</td>\n",
       "      <td>12.569805</td>\n",
       "      <td>12.041595</td>\n",
       "      <td>11.045361</td>\n",
       "      <td>13.038405</td>\n",
       "      <td>10.677078</td>\n",
       "      <td>11.747340</td>\n",
       "      <td>11.618950</td>\n",
       "      <td>10.198039</td>\n",
       "      <td>10.677078</td>\n",
       "      <td>8.366600</td>\n",
       "      <td>10.908712</td>\n",
       "      <td>9.055385</td>\n",
       "      <td>10.488088</td>\n",
       "      <td>11.618950</td>\n",
       "      <td>11.532563</td>\n",
       "    </tr>\n",
       "    <tr>\n",
       "      <th>user1</th>\n",
       "      <td>11.180340</td>\n",
       "      <td>0.000000</td>\n",
       "      <td>9.327379</td>\n",
       "      <td>13.266499</td>\n",
       "      <td>13.341664</td>\n",
       "      <td>9.110434</td>\n",
       "      <td>12.000000</td>\n",
       "      <td>11.789826</td>\n",
       "      <td>13.379088</td>\n",
       "      <td>10.908712</td>\n",
       "      <td>12.124356</td>\n",
       "      <td>12.165525</td>\n",
       "      <td>11.789826</td>\n",
       "      <td>13.076697</td>\n",
       "      <td>11.874342</td>\n",
       "      <td>14.491377</td>\n",
       "      <td>11.958261</td>\n",
       "      <td>12.288206</td>\n",
       "      <td>11.916375</td>\n",
       "      <td>9.486833</td>\n",
       "    </tr>\n",
       "    <tr>\n",
       "      <th>user2</th>\n",
       "      <td>12.409674</td>\n",
       "      <td>9.327379</td>\n",
       "      <td>0.000000</td>\n",
       "      <td>11.090537</td>\n",
       "      <td>13.076697</td>\n",
       "      <td>9.591663</td>\n",
       "      <td>10.535654</td>\n",
       "      <td>12.165525</td>\n",
       "      <td>12.165525</td>\n",
       "      <td>10.488088</td>\n",
       "      <td>8.831761</td>\n",
       "      <td>13.453624</td>\n",
       "      <td>10.295630</td>\n",
       "      <td>10.677078</td>\n",
       "      <td>12.727922</td>\n",
       "      <td>13.453624</td>\n",
       "      <td>13.038405</td>\n",
       "      <td>11.313708</td>\n",
       "      <td>9.848858</td>\n",
       "      <td>9.949874</td>\n",
       "    </tr>\n",
       "    <tr>\n",
       "      <th>user3</th>\n",
       "      <td>11.874342</td>\n",
       "      <td>13.266499</td>\n",
       "      <td>11.090537</td>\n",
       "      <td>0.000000</td>\n",
       "      <td>11.916375</td>\n",
       "      <td>13.820275</td>\n",
       "      <td>14.071247</td>\n",
       "      <td>13.000000</td>\n",
       "      <td>13.674794</td>\n",
       "      <td>13.379088</td>\n",
       "      <td>12.041595</td>\n",
       "      <td>11.045361</td>\n",
       "      <td>12.288206</td>\n",
       "      <td>13.892444</td>\n",
       "      <td>12.369317</td>\n",
       "      <td>14.282857</td>\n",
       "      <td>11.789826</td>\n",
       "      <td>11.532563</td>\n",
       "      <td>11.045361</td>\n",
       "      <td>12.884099</td>\n",
       "    </tr>\n",
       "    <tr>\n",
       "      <th>user4</th>\n",
       "      <td>11.000000</td>\n",
       "      <td>13.341664</td>\n",
       "      <td>13.076697</td>\n",
       "      <td>11.916375</td>\n",
       "      <td>0.000000</td>\n",
       "      <td>11.532563</td>\n",
       "      <td>12.727922</td>\n",
       "      <td>13.304135</td>\n",
       "      <td>12.449900</td>\n",
       "      <td>11.445523</td>\n",
       "      <td>12.206556</td>\n",
       "      <td>12.247449</td>\n",
       "      <td>13.892444</td>\n",
       "      <td>12.688578</td>\n",
       "      <td>12.529964</td>\n",
       "      <td>14.764823</td>\n",
       "      <td>10.148892</td>\n",
       "      <td>10.816654</td>\n",
       "      <td>14.352700</td>\n",
       "      <td>11.916375</td>\n",
       "    </tr>\n",
       "    <tr>\n",
       "      <th>user5</th>\n",
       "      <td>12.569805</td>\n",
       "      <td>9.110434</td>\n",
       "      <td>9.591663</td>\n",
       "      <td>13.820275</td>\n",
       "      <td>11.532563</td>\n",
       "      <td>0.000000</td>\n",
       "      <td>11.618950</td>\n",
       "      <td>13.114877</td>\n",
       "      <td>14.000000</td>\n",
       "      <td>10.954451</td>\n",
       "      <td>10.099505</td>\n",
       "      <td>13.379088</td>\n",
       "      <td>12.165525</td>\n",
       "      <td>11.747340</td>\n",
       "      <td>11.916375</td>\n",
       "      <td>14.662878</td>\n",
       "      <td>12.489996</td>\n",
       "      <td>11.575837</td>\n",
       "      <td>13.527749</td>\n",
       "      <td>10.723805</td>\n",
       "    </tr>\n",
       "    <tr>\n",
       "      <th>user6</th>\n",
       "      <td>12.041595</td>\n",
       "      <td>12.000000</td>\n",
       "      <td>10.535654</td>\n",
       "      <td>14.071247</td>\n",
       "      <td>12.727922</td>\n",
       "      <td>11.618950</td>\n",
       "      <td>0.000000</td>\n",
       "      <td>12.922848</td>\n",
       "      <td>11.357817</td>\n",
       "      <td>11.000000</td>\n",
       "      <td>11.874342</td>\n",
       "      <td>11.313708</td>\n",
       "      <td>10.535654</td>\n",
       "      <td>9.539392</td>\n",
       "      <td>12.369317</td>\n",
       "      <td>10.862780</td>\n",
       "      <td>11.090537</td>\n",
       "      <td>11.000000</td>\n",
       "      <td>12.165525</td>\n",
       "      <td>10.295630</td>\n",
       "    </tr>\n",
       "    <tr>\n",
       "      <th>user7</th>\n",
       "      <td>11.045361</td>\n",
       "      <td>11.789826</td>\n",
       "      <td>12.165525</td>\n",
       "      <td>13.000000</td>\n",
       "      <td>13.304135</td>\n",
       "      <td>13.114877</td>\n",
       "      <td>12.922848</td>\n",
       "      <td>0.000000</td>\n",
       "      <td>10.392305</td>\n",
       "      <td>10.770330</td>\n",
       "      <td>13.490738</td>\n",
       "      <td>10.630146</td>\n",
       "      <td>11.401754</td>\n",
       "      <td>11.575837</td>\n",
       "      <td>12.083046</td>\n",
       "      <td>12.529964</td>\n",
       "      <td>10.862780</td>\n",
       "      <td>10.583005</td>\n",
       "      <td>9.000000</td>\n",
       "      <td>12.288206</td>\n",
       "    </tr>\n",
       "    <tr>\n",
       "      <th>user8</th>\n",
       "      <td>13.038405</td>\n",
       "      <td>13.379088</td>\n",
       "      <td>12.165525</td>\n",
       "      <td>13.674794</td>\n",
       "      <td>12.449900</td>\n",
       "      <td>14.000000</td>\n",
       "      <td>11.357817</td>\n",
       "      <td>10.392305</td>\n",
       "      <td>0.000000</td>\n",
       "      <td>10.583005</td>\n",
       "      <td>12.165525</td>\n",
       "      <td>11.000000</td>\n",
       "      <td>12.000000</td>\n",
       "      <td>11.489125</td>\n",
       "      <td>12.165525</td>\n",
       "      <td>11.090537</td>\n",
       "      <td>12.328828</td>\n",
       "      <td>11.313708</td>\n",
       "      <td>11.090537</td>\n",
       "      <td>9.848858</td>\n",
       "    </tr>\n",
       "    <tr>\n",
       "      <th>user9</th>\n",
       "      <td>10.677078</td>\n",
       "      <td>10.908712</td>\n",
       "      <td>10.488088</td>\n",
       "      <td>13.379088</td>\n",
       "      <td>11.445523</td>\n",
       "      <td>10.954451</td>\n",
       "      <td>11.000000</td>\n",
       "      <td>10.770330</td>\n",
       "      <td>10.583005</td>\n",
       "      <td>0.000000</td>\n",
       "      <td>9.486833</td>\n",
       "      <td>11.704700</td>\n",
       "      <td>11.575837</td>\n",
       "      <td>12.083046</td>\n",
       "      <td>8.485281</td>\n",
       "      <td>10.630146</td>\n",
       "      <td>12.000000</td>\n",
       "      <td>12.328828</td>\n",
       "      <td>10.344080</td>\n",
       "      <td>11.704700</td>\n",
       "    </tr>\n",
       "    <tr>\n",
       "      <th>user10</th>\n",
       "      <td>11.747340</td>\n",
       "      <td>12.124356</td>\n",
       "      <td>8.831761</td>\n",
       "      <td>12.041595</td>\n",
       "      <td>12.206556</td>\n",
       "      <td>10.099505</td>\n",
       "      <td>11.874342</td>\n",
       "      <td>13.490738</td>\n",
       "      <td>12.165525</td>\n",
       "      <td>9.486833</td>\n",
       "      <td>0.000000</td>\n",
       "      <td>12.688578</td>\n",
       "      <td>11.661904</td>\n",
       "      <td>11.916375</td>\n",
       "      <td>11.832160</td>\n",
       "      <td>11.958261</td>\n",
       "      <td>12.806248</td>\n",
       "      <td>13.190906</td>\n",
       "      <td>10.535654</td>\n",
       "      <td>11.704700</td>\n",
       "    </tr>\n",
       "    <tr>\n",
       "      <th>user11</th>\n",
       "      <td>11.618950</td>\n",
       "      <td>12.165525</td>\n",
       "      <td>13.453624</td>\n",
       "      <td>11.045361</td>\n",
       "      <td>12.247449</td>\n",
       "      <td>13.379088</td>\n",
       "      <td>11.313708</td>\n",
       "      <td>10.630146</td>\n",
       "      <td>11.000000</td>\n",
       "      <td>11.704700</td>\n",
       "      <td>12.688578</td>\n",
       "      <td>0.000000</td>\n",
       "      <td>12.922848</td>\n",
       "      <td>13.304135</td>\n",
       "      <td>12.449900</td>\n",
       "      <td>10.000000</td>\n",
       "      <td>11.532563</td>\n",
       "      <td>11.532563</td>\n",
       "      <td>10.677078</td>\n",
       "      <td>12.247449</td>\n",
       "    </tr>\n",
       "    <tr>\n",
       "      <th>user12</th>\n",
       "      <td>10.198039</td>\n",
       "      <td>11.789826</td>\n",
       "      <td>10.295630</td>\n",
       "      <td>12.288206</td>\n",
       "      <td>13.892444</td>\n",
       "      <td>12.165525</td>\n",
       "      <td>10.535654</td>\n",
       "      <td>11.401754</td>\n",
       "      <td>12.000000</td>\n",
       "      <td>11.575837</td>\n",
       "      <td>11.661904</td>\n",
       "      <td>12.922848</td>\n",
       "      <td>0.000000</td>\n",
       "      <td>9.695360</td>\n",
       "      <td>11.224972</td>\n",
       "      <td>11.704700</td>\n",
       "      <td>10.862780</td>\n",
       "      <td>9.695360</td>\n",
       "      <td>11.958261</td>\n",
       "      <td>11.532563</td>\n",
       "    </tr>\n",
       "    <tr>\n",
       "      <th>user13</th>\n",
       "      <td>10.677078</td>\n",
       "      <td>13.076697</td>\n",
       "      <td>10.677078</td>\n",
       "      <td>13.892444</td>\n",
       "      <td>12.688578</td>\n",
       "      <td>11.747340</td>\n",
       "      <td>9.539392</td>\n",
       "      <td>11.575837</td>\n",
       "      <td>11.489125</td>\n",
       "      <td>12.083046</td>\n",
       "      <td>11.916375</td>\n",
       "      <td>13.304135</td>\n",
       "      <td>9.695360</td>\n",
       "      <td>0.000000</td>\n",
       "      <td>11.575837</td>\n",
       "      <td>12.609520</td>\n",
       "      <td>13.114877</td>\n",
       "      <td>8.944272</td>\n",
       "      <td>12.041595</td>\n",
       "      <td>11.269428</td>\n",
       "    </tr>\n",
       "    <tr>\n",
       "      <th>user14</th>\n",
       "      <td>8.366600</td>\n",
       "      <td>11.874342</td>\n",
       "      <td>12.727922</td>\n",
       "      <td>12.369317</td>\n",
       "      <td>12.529964</td>\n",
       "      <td>11.916375</td>\n",
       "      <td>12.369317</td>\n",
       "      <td>12.083046</td>\n",
       "      <td>12.165525</td>\n",
       "      <td>8.485281</td>\n",
       "      <td>11.832160</td>\n",
       "      <td>12.449900</td>\n",
       "      <td>11.224972</td>\n",
       "      <td>11.575837</td>\n",
       "      <td>0.000000</td>\n",
       "      <td>10.816654</td>\n",
       "      <td>12.165525</td>\n",
       "      <td>12.489996</td>\n",
       "      <td>10.535654</td>\n",
       "      <td>10.344080</td>\n",
       "    </tr>\n",
       "    <tr>\n",
       "      <th>user15</th>\n",
       "      <td>10.908712</td>\n",
       "      <td>14.491377</td>\n",
       "      <td>13.453624</td>\n",
       "      <td>14.282857</td>\n",
       "      <td>14.764823</td>\n",
       "      <td>14.662878</td>\n",
       "      <td>10.862780</td>\n",
       "      <td>12.529964</td>\n",
       "      <td>11.090537</td>\n",
       "      <td>10.630146</td>\n",
       "      <td>11.958261</td>\n",
       "      <td>10.000000</td>\n",
       "      <td>11.704700</td>\n",
       "      <td>12.609520</td>\n",
       "      <td>10.816654</td>\n",
       "      <td>0.000000</td>\n",
       "      <td>13.601471</td>\n",
       "      <td>12.688578</td>\n",
       "      <td>11.135529</td>\n",
       "      <td>11.224972</td>\n",
       "    </tr>\n",
       "    <tr>\n",
       "      <th>user16</th>\n",
       "      <td>9.055385</td>\n",
       "      <td>11.958261</td>\n",
       "      <td>13.038405</td>\n",
       "      <td>11.789826</td>\n",
       "      <td>10.148892</td>\n",
       "      <td>12.489996</td>\n",
       "      <td>11.090537</td>\n",
       "      <td>10.862780</td>\n",
       "      <td>12.328828</td>\n",
       "      <td>12.000000</td>\n",
       "      <td>12.806248</td>\n",
       "      <td>11.532563</td>\n",
       "      <td>10.862780</td>\n",
       "      <td>13.114877</td>\n",
       "      <td>12.165525</td>\n",
       "      <td>13.601471</td>\n",
       "      <td>0.000000</td>\n",
       "      <td>11.489125</td>\n",
       "      <td>12.609520</td>\n",
       "      <td>12.369317</td>\n",
       "    </tr>\n",
       "    <tr>\n",
       "      <th>user17</th>\n",
       "      <td>10.488088</td>\n",
       "      <td>12.288206</td>\n",
       "      <td>11.313708</td>\n",
       "      <td>11.532563</td>\n",
       "      <td>10.816654</td>\n",
       "      <td>11.575837</td>\n",
       "      <td>11.000000</td>\n",
       "      <td>10.583005</td>\n",
       "      <td>11.313708</td>\n",
       "      <td>12.328828</td>\n",
       "      <td>13.190906</td>\n",
       "      <td>11.532563</td>\n",
       "      <td>9.695360</td>\n",
       "      <td>8.944272</td>\n",
       "      <td>12.489996</td>\n",
       "      <td>12.688578</td>\n",
       "      <td>11.489125</td>\n",
       "      <td>0.000000</td>\n",
       "      <td>12.845233</td>\n",
       "      <td>11.704700</td>\n",
       "    </tr>\n",
       "    <tr>\n",
       "      <th>user18</th>\n",
       "      <td>11.618950</td>\n",
       "      <td>11.916375</td>\n",
       "      <td>9.848858</td>\n",
       "      <td>11.045361</td>\n",
       "      <td>14.352700</td>\n",
       "      <td>13.527749</td>\n",
       "      <td>12.165525</td>\n",
       "      <td>9.000000</td>\n",
       "      <td>11.090537</td>\n",
       "      <td>10.344080</td>\n",
       "      <td>10.535654</td>\n",
       "      <td>10.677078</td>\n",
       "      <td>11.958261</td>\n",
       "      <td>12.041595</td>\n",
       "      <td>10.535654</td>\n",
       "      <td>11.135529</td>\n",
       "      <td>12.609520</td>\n",
       "      <td>12.845233</td>\n",
       "      <td>0.000000</td>\n",
       "      <td>10.677078</td>\n",
       "    </tr>\n",
       "    <tr>\n",
       "      <th>user19</th>\n",
       "      <td>11.532563</td>\n",
       "      <td>9.486833</td>\n",
       "      <td>9.949874</td>\n",
       "      <td>12.884099</td>\n",
       "      <td>11.916375</td>\n",
       "      <td>10.723805</td>\n",
       "      <td>10.295630</td>\n",
       "      <td>12.288206</td>\n",
       "      <td>9.848858</td>\n",
       "      <td>11.704700</td>\n",
       "      <td>11.704700</td>\n",
       "      <td>12.247449</td>\n",
       "      <td>11.532563</td>\n",
       "      <td>11.269428</td>\n",
       "      <td>10.344080</td>\n",
       "      <td>11.224972</td>\n",
       "      <td>12.369317</td>\n",
       "      <td>11.704700</td>\n",
       "      <td>10.677078</td>\n",
       "      <td>0.000000</td>\n",
       "    </tr>\n",
       "  </tbody>\n",
       "</table>\n",
       "</div>"
      ],
      "text/plain": [
       "            user0      user1      user2      user3      user4      user5  \\\n",
       "user0    0.000000  11.180340  12.409674  11.874342  11.000000  12.569805   \n",
       "user1   11.180340   0.000000   9.327379  13.266499  13.341664   9.110434   \n",
       "user2   12.409674   9.327379   0.000000  11.090537  13.076697   9.591663   \n",
       "user3   11.874342  13.266499  11.090537   0.000000  11.916375  13.820275   \n",
       "user4   11.000000  13.341664  13.076697  11.916375   0.000000  11.532563   \n",
       "user5   12.569805   9.110434   9.591663  13.820275  11.532563   0.000000   \n",
       "user6   12.041595  12.000000  10.535654  14.071247  12.727922  11.618950   \n",
       "user7   11.045361  11.789826  12.165525  13.000000  13.304135  13.114877   \n",
       "user8   13.038405  13.379088  12.165525  13.674794  12.449900  14.000000   \n",
       "user9   10.677078  10.908712  10.488088  13.379088  11.445523  10.954451   \n",
       "user10  11.747340  12.124356   8.831761  12.041595  12.206556  10.099505   \n",
       "user11  11.618950  12.165525  13.453624  11.045361  12.247449  13.379088   \n",
       "user12  10.198039  11.789826  10.295630  12.288206  13.892444  12.165525   \n",
       "user13  10.677078  13.076697  10.677078  13.892444  12.688578  11.747340   \n",
       "user14   8.366600  11.874342  12.727922  12.369317  12.529964  11.916375   \n",
       "user15  10.908712  14.491377  13.453624  14.282857  14.764823  14.662878   \n",
       "user16   9.055385  11.958261  13.038405  11.789826  10.148892  12.489996   \n",
       "user17  10.488088  12.288206  11.313708  11.532563  10.816654  11.575837   \n",
       "user18  11.618950  11.916375   9.848858  11.045361  14.352700  13.527749   \n",
       "user19  11.532563   9.486833   9.949874  12.884099  11.916375  10.723805   \n",
       "\n",
       "            user6      user7      user8      user9     user10     user11  \\\n",
       "user0   12.041595  11.045361  13.038405  10.677078  11.747340  11.618950   \n",
       "user1   12.000000  11.789826  13.379088  10.908712  12.124356  12.165525   \n",
       "user2   10.535654  12.165525  12.165525  10.488088   8.831761  13.453624   \n",
       "user3   14.071247  13.000000  13.674794  13.379088  12.041595  11.045361   \n",
       "user4   12.727922  13.304135  12.449900  11.445523  12.206556  12.247449   \n",
       "user5   11.618950  13.114877  14.000000  10.954451  10.099505  13.379088   \n",
       "user6    0.000000  12.922848  11.357817  11.000000  11.874342  11.313708   \n",
       "user7   12.922848   0.000000  10.392305  10.770330  13.490738  10.630146   \n",
       "user8   11.357817  10.392305   0.000000  10.583005  12.165525  11.000000   \n",
       "user9   11.000000  10.770330  10.583005   0.000000   9.486833  11.704700   \n",
       "user10  11.874342  13.490738  12.165525   9.486833   0.000000  12.688578   \n",
       "user11  11.313708  10.630146  11.000000  11.704700  12.688578   0.000000   \n",
       "user12  10.535654  11.401754  12.000000  11.575837  11.661904  12.922848   \n",
       "user13   9.539392  11.575837  11.489125  12.083046  11.916375  13.304135   \n",
       "user14  12.369317  12.083046  12.165525   8.485281  11.832160  12.449900   \n",
       "user15  10.862780  12.529964  11.090537  10.630146  11.958261  10.000000   \n",
       "user16  11.090537  10.862780  12.328828  12.000000  12.806248  11.532563   \n",
       "user17  11.000000  10.583005  11.313708  12.328828  13.190906  11.532563   \n",
       "user18  12.165525   9.000000  11.090537  10.344080  10.535654  10.677078   \n",
       "user19  10.295630  12.288206   9.848858  11.704700  11.704700  12.247449   \n",
       "\n",
       "           user12     user13     user14     user15     user16     user17  \\\n",
       "user0   10.198039  10.677078   8.366600  10.908712   9.055385  10.488088   \n",
       "user1   11.789826  13.076697  11.874342  14.491377  11.958261  12.288206   \n",
       "user2   10.295630  10.677078  12.727922  13.453624  13.038405  11.313708   \n",
       "user3   12.288206  13.892444  12.369317  14.282857  11.789826  11.532563   \n",
       "user4   13.892444  12.688578  12.529964  14.764823  10.148892  10.816654   \n",
       "user5   12.165525  11.747340  11.916375  14.662878  12.489996  11.575837   \n",
       "user6   10.535654   9.539392  12.369317  10.862780  11.090537  11.000000   \n",
       "user7   11.401754  11.575837  12.083046  12.529964  10.862780  10.583005   \n",
       "user8   12.000000  11.489125  12.165525  11.090537  12.328828  11.313708   \n",
       "user9   11.575837  12.083046   8.485281  10.630146  12.000000  12.328828   \n",
       "user10  11.661904  11.916375  11.832160  11.958261  12.806248  13.190906   \n",
       "user11  12.922848  13.304135  12.449900  10.000000  11.532563  11.532563   \n",
       "user12   0.000000   9.695360  11.224972  11.704700  10.862780   9.695360   \n",
       "user13   9.695360   0.000000  11.575837  12.609520  13.114877   8.944272   \n",
       "user14  11.224972  11.575837   0.000000  10.816654  12.165525  12.489996   \n",
       "user15  11.704700  12.609520  10.816654   0.000000  13.601471  12.688578   \n",
       "user16  10.862780  13.114877  12.165525  13.601471   0.000000  11.489125   \n",
       "user17   9.695360   8.944272  12.489996  12.688578  11.489125   0.000000   \n",
       "user18  11.958261  12.041595  10.535654  11.135529  12.609520  12.845233   \n",
       "user19  11.532563  11.269428  10.344080  11.224972  12.369317  11.704700   \n",
       "\n",
       "           user18     user19  \n",
       "user0   11.618950  11.532563  \n",
       "user1   11.916375   9.486833  \n",
       "user2    9.848858   9.949874  \n",
       "user3   11.045361  12.884099  \n",
       "user4   14.352700  11.916375  \n",
       "user5   13.527749  10.723805  \n",
       "user6   12.165525  10.295630  \n",
       "user7    9.000000  12.288206  \n",
       "user8   11.090537   9.848858  \n",
       "user9   10.344080  11.704700  \n",
       "user10  10.535654  11.704700  \n",
       "user11  10.677078  12.247449  \n",
       "user12  11.958261  11.532563  \n",
       "user13  12.041595  11.269428  \n",
       "user14  10.535654  10.344080  \n",
       "user15  11.135529  11.224972  \n",
       "user16  12.609520  12.369317  \n",
       "user17  12.845233  11.704700  \n",
       "user18   0.000000  10.677078  \n",
       "user19  10.677078   0.000000  "
      ]
     },
     "execution_count": 20,
     "metadata": {},
     "output_type": "execute_result"
    }
   ],
   "source": [
    "# distances ist jetzt eine Matrix, die wir wieder in ein DataFrame packen, um Zeilen- und Spaltenbeschriftungen\n",
    "# zu haben\n",
    "distances = pd.DataFrame(distances, index=users, columns=users)\n",
    "distances"
   ]
  }
 ],
 "metadata": {
  "kernelspec": {
   "display_name": "Python 3",
   "language": "python",
   "name": "python3"
  },
  "language_info": {
   "codemirror_mode": {
    "name": "ipython",
    "version": 3
   },
   "file_extension": ".py",
   "mimetype": "text/x-python",
   "name": "python",
   "nbconvert_exporter": "python",
   "pygments_lexer": "ipython3",
   "version": "3.5.3"
  }
 },
 "nbformat": 4,
 "nbformat_minor": 1
}
